pretrain_checkpoint_epoch,epoch,train_accuracy,val_accuracy,loss,val_loss,time
150,1,3.87923e-01,4.35000e-01,2.01410e-02,1.77872e-02,4.13
150,2,5.02246e-01,4.65600e-01,1.50735e-02,1.66927e-02,1.66
150,3,5.27808e-01,4.81600e-01,1.40758e-02,1.60259e-02,1.80
150,4,5.43423e-01,4.94000e-01,1.35393e-02,1.57360e-02,1.80
150,5,5.53538e-01,4.94600e-01,1.31940e-02,1.55515e-02,1.67
150,6,5.61438e-01,5.00400e-01,1.29249e-02,1.53097e-02,1.81
150,7,5.67538e-01,5.05000e-01,1.27175e-02,1.51848e-02,1.69
150,8,5.72662e-01,4.99000e-01,1.25495e-02,1.51360e-02,1.66
150,9,5.75131e-01,5.03800e-01,1.24167e-02,1.50505e-02,1.70
150,10,5.79746e-01,5.06200e-01,1.22909e-02,1.49417e-02,1.71
150,11,5.83538e-01,5.07800e-01,1.21854e-02,1.49031e-02,1.73
150,12,5.86108e-01,5.08600e-01,1.20924e-02,1.47870e-02,1.65
150,13,5.88492e-01,5.06200e-01,1.20052e-02,1.48455e-02,1.67
150,14,5.90131e-01,5.11200e-01,1.19305e-02,1.48230e-02,1.97
150,15,5.92538e-01,5.13200e-01,1.18691e-02,1.47493e-02,1.65
150,16,5.94285e-01,5.11800e-01,1.18046e-02,1.46860e-02,1.74
150,17,5.96300e-01,5.16200e-01,1.17436e-02,1.47201e-02,1.68
150,18,5.97577e-01,5.17000e-01,1.16923e-02,1.46778e-02,1.66
150,19,5.99746e-01,5.14200e-01,1.16466e-02,1.46733e-02,1.73
150,20,6.00062e-01,5.13600e-01,1.15982e-02,1.46664e-02,1.71
150,21,6.02362e-01,5.17400e-01,1.15490e-02,1.45887e-02,1.66
150,22,6.04085e-01,5.21400e-01,1.15039e-02,1.45882e-02,1.71
150,23,6.05208e-01,5.17000e-01,1.14750e-02,1.44953e-02,1.66
150,24,6.05592e-01,5.16200e-01,1.14336e-02,1.45808e-02,1.70
150,25,6.06462e-01,5.19600e-01,1.14022e-02,1.44859e-02,1.68
150,26,6.07700e-01,5.20400e-01,1.13630e-02,1.44412e-02,1.67
150,27,6.08169e-01,5.18800e-01,1.13419e-02,1.44763e-02,1.67
150,28,6.09269e-01,5.25400e-01,1.13076e-02,1.44438e-02,1.67
150,29,6.09769e-01,5.22800e-01,1.12777e-02,1.44363e-02,1.89
150,30,6.11562e-01,5.19800e-01,1.12527e-02,1.44771e-02,1.94
150,31,6.11877e-01,5.19000e-01,1.12243e-02,1.44048e-02,1.67
150,32,6.12262e-01,5.20000e-01,1.12037e-02,1.43771e-02,1.83
150,33,6.13677e-01,5.23200e-01,1.11770e-02,1.43002e-02,1.66
150,34,6.14408e-01,5.22200e-01,1.11545e-02,1.44051e-02,1.67
150,35,6.15169e-01,5.24200e-01,1.11271e-02,1.43395e-02,1.67
150,36,6.15923e-01,5.24400e-01,1.11076e-02,1.43431e-02,1.67
150,37,6.15777e-01,5.24000e-01,1.10921e-02,1.43495e-02,1.69
150,38,6.17354e-01,5.26000e-01,1.10760e-02,1.43114e-02,1.69
150,39,6.17715e-01,5.22200e-01,1.10555e-02,1.43144e-02,1.69
150,40,6.18277e-01,5.24200e-01,1.10345e-02,1.43579e-02,1.69
150,41,6.18523e-01,5.25800e-01,1.10215e-02,1.43411e-02,1.78
150,42,6.19223e-01,5.28200e-01,1.09991e-02,1.43463e-02,1.67
150,43,6.19692e-01,5.24200e-01,1.09820e-02,1.42857e-02,1.67
150,44,6.20885e-01,5.27600e-01,1.09673e-02,1.42987e-02,1.68
150,45,6.21431e-01,5.29400e-01,1.09545e-02,1.42967e-02,1.68
150,46,6.21838e-01,5.24200e-01,1.09395e-02,1.42813e-02,1.70
150,47,6.21523e-01,5.20800e-01,1.09226e-02,1.42744e-02,1.70
150,48,6.21938e-01,5.27600e-01,1.09102e-02,1.42892e-02,1.70
150,49,6.22915e-01,5.24600e-01,1.08993e-02,1.42360e-02,1.70
150,50,6.23185e-01,5.32000e-01,1.08861e-02,1.41651e-02,1.70
150,51,6.23177e-01,5.26000e-01,1.08738e-02,1.42148e-02,1.87
150,52,6.23946e-01,5.28000e-01,1.08638e-02,1.43638e-02,1.64
150,53,6.24169e-01,5.27200e-01,1.08468e-02,1.42457e-02,1.64
150,54,6.24862e-01,5.28400e-01,1.08382e-02,1.42286e-02,1.65
150,55,6.25208e-01,5.26800e-01,1.08184e-02,1.42478e-02,1.68
150,56,6.26908e-01,5.27200e-01,1.08096e-02,1.42226e-02,1.66
150,57,6.25354e-01,5.24000e-01,1.07987e-02,1.42639e-02,1.66
150,58,6.25823e-01,5.29600e-01,1.07868e-02,1.43083e-02,1.66
150,59,6.25054e-01,5.25000e-01,1.07838e-02,1.42378e-02,1.69
150,60,6.26408e-01,5.26400e-01,1.07758e-02,1.42507e-02,1.67
150,61,6.26977e-01,5.24400e-01,1.07628e-02,1.42631e-02,1.67
150,62,6.27262e-01,5.28000e-01,1.07602e-02,1.41428e-02,1.67
150,63,6.27746e-01,5.28600e-01,1.07411e-02,1.42100e-02,1.67
150,64,6.27277e-01,5.26400e-01,1.07392e-02,1.42714e-02,1.69
150,65,6.28092e-01,5.30000e-01,1.07277e-02,1.41443e-02,1.68
150,66,6.27669e-01,5.23200e-01,1.07156e-02,1.42233e-02,1.68
150,67,6.28123e-01,5.27000e-01,1.07171e-02,1.42020e-02,2.78
150,68,6.28877e-01,5.30600e-01,1.07028e-02,1.42117e-02,1.81
150,69,6.30185e-01,5.29000e-01,1.06944e-02,1.42746e-02,1.62
150,70,6.29600e-01,5.30200e-01,1.06901e-02,1.41857e-02,1.62
150,71,6.29377e-01,5.29000e-01,1.06802e-02,1.42792e-02,1.85
150,72,6.29477e-01,5.26000e-01,1.06772e-02,1.41604e-02,1.64
150,73,6.30431e-01,5.22600e-01,1.06690e-02,1.41310e-02,1.65
150,74,6.30085e-01,5.27400e-01,1.06587e-02,1.41591e-02,1.90
150,75,6.30554e-01,5.30600e-01,1.06508e-02,1.40854e-02,1.64
150,76,6.30623e-01,5.32800e-01,1.06522e-02,1.41160e-02,1.64
150,77,6.30723e-01,5.30600e-01,1.06367e-02,1.41491e-02,1.70
150,78,6.30354e-01,5.29800e-01,1.06358e-02,1.41491e-02,1.64
150,79,6.30877e-01,5.31600e-01,1.06287e-02,1.41517e-02,1.65
150,80,6.31800e-01,5.31400e-01,1.06245e-02,1.41717e-02,1.65
150,81,6.30785e-01,5.31400e-01,1.06167e-02,1.41627e-02,1.69
150,82,6.32200e-01,5.27400e-01,1.06135e-02,1.41606e-02,1.64
150,83,6.33115e-01,5.29000e-01,1.06053e-02,1.41885e-02,1.65
150,84,6.32900e-01,5.34000e-01,1.05971e-02,1.41526e-02,1.67
150,85,6.32369e-01,5.32400e-01,1.05896e-02,1.41220e-02,1.71
150,86,6.33615e-01,5.25800e-01,1.05876e-02,1.41687e-02,1.64
150,87,6.32785e-01,5.29600e-01,1.05875e-02,1.41919e-02,1.64
150,88,6.33208e-01,5.29200e-01,1.05718e-02,1.41461e-02,1.65
150,89,6.32938e-01,5.33400e-01,1.05688e-02,1.41006e-02,1.66
150,90,6.33131e-01,5.24800e-01,1.05739e-02,1.40974e-02,1.65
150,91,6.33646e-01,5.30200e-01,1.05613e-02,1.40851e-02,1.65
150,92,6.33892e-01,5.29200e-01,1.05616e-02,1.40663e-02,1.66
150,93,6.33538e-01,5.34200e-01,1.05530e-02,1.40616e-02,1.68
150,94,6.33200e-01,5.26800e-01,1.05504e-02,1.41540e-02,1.68
150,95,6.33877e-01,5.28200e-01,1.05405e-02,1.40985e-02,1.69
150,96,6.33423e-01,5.34800e-01,1.05426e-02,1.40775e-02,1.68
150,97,6.34531e-01,5.31000e-01,1.05398e-02,1.41454e-02,1.67
150,98,6.34085e-01,5.30600e-01,1.05415e-02,1.41503e-02,1.67
150,99,6.35008e-01,5.32800e-01,1.05284e-02,1.41340e-02,1.67
150,100,6.34923e-01,5.31000e-01,1.05196e-02,1.41315e-02,1.68
150,101,6.34446e-01,5.36400e-01,1.05162e-02,1.40407e-02,1.69
150,102,6.34977e-01,5.27600e-01,1.05167e-02,1.41342e-02,1.68
150,103,6.34992e-01,5.27600e-01,1.05109e-02,1.40724e-02,1.69
150,104,6.35146e-01,5.31000e-01,1.05078e-02,1.41207e-02,1.70
150,105,6.35038e-01,5.31000e-01,1.05036e-02,1.41197e-02,1.69
150,106,6.35192e-01,5.31800e-01,1.04987e-02,1.41115e-02,1.69
150,107,6.36015e-01,5.37000e-01,1.04934e-02,1.41186e-02,1.70
150,108,6.35854e-01,5.34200e-01,1.04959e-02,1.41343e-02,1.70
150,109,6.36315e-01,5.26800e-01,1.04900e-02,1.41881e-02,1.70
150,110,6.35454e-01,5.31600e-01,1.04929e-02,1.41587e-02,1.69
150,111,6.35615e-01,5.34400e-01,1.04846e-02,1.40608e-02,1.68
150,112,6.36238e-01,5.32800e-01,1.04801e-02,1.41326e-02,1.68
150,113,6.36877e-01,5.33200e-01,1.04860e-02,1.40996e-02,1.68
150,114,6.36054e-01,5.31200e-01,1.04770e-02,1.41416e-02,1.69
150,115,6.36477e-01,5.32000e-01,1.04778e-02,1.40574e-02,1.69
150,116,6.36892e-01,5.32000e-01,1.04705e-02,1.41487e-02,1.69
150,117,6.37254e-01,5.28600e-01,1.04683e-02,1.41286e-02,1.69
150,118,6.36815e-01,5.32200e-01,1.04632e-02,1.39887e-02,1.69
150,119,6.36346e-01,5.32200e-01,1.04621e-02,1.40737e-02,1.68
150,120,6.36654e-01,5.33200e-01,1.04610e-02,1.40794e-02,1.68
150,121,6.37631e-01,5.28600e-01,1.04604e-02,1.41876e-02,1.68
150,122,6.36323e-01,5.30400e-01,1.04525e-02,1.40878e-02,1.68
150,123,6.37046e-01,5.31400e-01,1.04516e-02,1.40529e-02,1.68
150,124,6.37608e-01,5.26400e-01,1.04523e-02,1.41326e-02,1.68
150,125,6.36577e-01,5.29800e-01,1.04484e-02,1.40977e-02,1.68
150,126,6.37485e-01,5.31400e-01,1.04447e-02,1.40986e-02,1.68
150,127,6.37523e-01,5.33800e-01,1.04400e-02,1.41309e-02,1.68
150,128,6.36792e-01,5.34400e-01,1.04391e-02,1.41204e-02,1.68
150,129,6.37077e-01,5.26600e-01,1.04341e-02,1.40561e-02,1.67
150,130,6.37885e-01,5.32600e-01,1.04330e-02,1.40883e-02,1.68
150,131,6.37577e-01,5.27200e-01,1.04296e-02,1.40524e-02,1.68
150,132,6.37615e-01,5.36200e-01,1.04260e-02,1.40357e-02,1.68
150,133,6.37777e-01,5.33400e-01,1.04269e-02,1.41116e-02,1.68
150,134,6.37769e-01,5.32600e-01,1.04243e-02,1.40699e-02,1.68
150,135,6.37138e-01,5.32200e-01,1.04235e-02,1.41229e-02,1.68
150,136,6.38446e-01,5.34600e-01,1.04233e-02,1.41443e-02,1.68
150,137,6.37831e-01,5.30400e-01,1.04217e-02,1.41258e-02,1.68
150,138,6.38900e-01,5.31200e-01,1.04163e-02,1.41334e-02,1.73
150,139,6.38669e-01,5.33400e-01,1.04220e-02,1.40712e-02,1.68
150,140,6.38138e-01,5.37800e-01,1.04148e-02,1.40282e-02,1.69
150,141,6.39815e-01,5.30600e-01,1.04102e-02,1.40323e-02,1.69
150,142,6.37292e-01,5.35600e-01,1.04115e-02,1.40432e-02,1.68
150,143,6.38585e-01,5.31600e-01,1.04130e-02,1.40955e-02,1.69
150,144,6.38077e-01,5.33200e-01,1.04108e-02,1.40680e-02,1.69
150,145,6.38869e-01,5.33000e-01,1.04102e-02,1.40632e-02,1.69
150,146,6.38162e-01,5.31000e-01,1.04035e-02,1.41582e-02,1.68
150,147,6.38062e-01,5.35200e-01,1.04020e-02,1.40296e-02,1.68
150,148,6.38200e-01,5.30600e-01,1.03997e-02,1.40737e-02,1.68
150,149,6.39338e-01,5.30400e-01,1.03998e-02,1.40454e-02,1.69
150,150,6.38631e-01,5.32600e-01,1.04005e-02,1.40595e-02,1.69
150,151,6.39562e-01,5.30400e-01,1.03956e-02,1.40580e-02,1.68
150,152,6.38515e-01,5.28000e-01,1.03963e-02,1.41049e-02,1.68
150,153,6.38715e-01,5.35200e-01,1.03881e-02,1.40322e-02,1.68
150,154,6.39054e-01,5.28600e-01,1.03927e-02,1.41011e-02,1.68
150,155,6.39108e-01,5.32800e-01,1.03844e-02,1.40853e-02,1.69
150,156,6.39138e-01,5.32400e-01,1.03874e-02,1.41169e-02,1.68
150,157,6.39285e-01,5.30600e-01,1.03874e-02,1.40267e-02,1.69
150,158,6.38608e-01,5.30000e-01,1.03845e-02,1.40995e-02,1.68
150,159,6.39554e-01,5.34600e-01,1.03813e-02,1.40683e-02,1.68
150,160,6.39615e-01,5.36800e-01,1.03855e-02,1.41249e-02,1.69
150,161,6.38923e-01,5.34600e-01,1.03806e-02,1.40217e-02,1.69
150,162,6.39200e-01,5.32000e-01,1.03809e-02,1.40486e-02,1.68
150,163,6.40092e-01,5.33800e-01,1.03804e-02,1.40403e-02,1.68
150,164,6.40208e-01,5.33600e-01,1.03716e-02,1.40664e-02,1.68
150,165,6.39508e-01,5.30800e-01,1.03701e-02,1.40907e-02,1.69
150,166,6.40285e-01,5.32800e-01,1.03756e-02,1.40306e-02,1.69
150,167,6.39031e-01,5.32000e-01,1.03737e-02,1.40282e-02,1.68
150,168,6.40431e-01,5.33800e-01,1.03757e-02,1.41269e-02,1.69
150,169,6.37754e-01,5.30800e-01,1.03709e-02,1.40971e-02,1.69
150,170,6.39723e-01,5.35800e-01,1.03650e-02,1.40630e-02,1.68
150,171,6.40538e-01,5.33200e-01,1.03694e-02,1.39980e-02,1.69
150,172,6.39192e-01,5.30600e-01,1.03656e-02,1.40873e-02,1.69
150,173,6.39438e-01,5.36800e-01,1.03653e-02,1.40661e-02,1.68
150,174,6.39238e-01,5.30800e-01,1.03670e-02,1.40586e-02,1.69
150,175,6.40492e-01,5.29600e-01,1.03605e-02,1.40603e-02,1.69
150,176,6.39692e-01,5.30400e-01,1.03605e-02,1.41035e-02,1.68
150,177,6.39269e-01,5.30800e-01,1.03637e-02,1.39786e-02,1.69
150,178,6.39646e-01,5.36800e-01,1.03624e-02,1.39854e-02,1.69
150,179,6.39523e-01,5.36000e-01,1.03641e-02,1.40760e-02,1.69
150,180,6.39308e-01,5.33200e-01,1.03600e-02,1.40495e-02,1.68
150,181,6.40600e-01,5.33800e-01,1.03558e-02,1.39998e-02,1.69
150,182,6.41023e-01,5.31000e-01,1.03557e-02,1.41412e-02,1.68
150,183,6.40677e-01,5.35000e-01,1.03524e-02,1.40766e-02,1.69
150,184,6.39623e-01,5.36600e-01,1.03628e-02,1.39676e-02,1.69
150,185,6.41000e-01,5.31200e-01,1.03510e-02,1.39957e-02,1.68
150,186,6.40677e-01,5.35000e-01,1.03504e-02,1.41748e-02,1.69
150,187,6.40431e-01,5.34200e-01,1.03518e-02,1.40606e-02,1.69
150,188,6.41300e-01,5.31400e-01,1.03543e-02,1.39859e-02,1.68
150,189,6.40408e-01,5.31600e-01,1.03487e-02,1.39720e-02,1.68
150,190,6.40754e-01,5.31800e-01,1.03477e-02,1.41349e-02,1.68
150,191,6.39715e-01,5.29200e-01,1.03450e-02,1.41547e-02,1.69
150,192,6.40946e-01,5.30400e-01,1.03480e-02,1.40821e-02,1.69
150,193,6.40800e-01,5.34000e-01,1.03485e-02,1.40624e-02,1.68
150,194,6.39577e-01,5.36000e-01,1.03488e-02,1.40379e-02,1.69
150,195,6.41969e-01,5.28000e-01,1.03423e-02,1.41132e-02,1.72
150,196,6.39938e-01,5.29600e-01,1.03435e-02,1.40590e-02,1.69
150,197,6.40585e-01,5.33000e-01,1.03415e-02,1.40331e-02,1.69
150,198,6.40531e-01,5.30000e-01,1.03456e-02,1.40361e-02,1.68
150,199,6.40523e-01,5.30000e-01,1.03432e-02,1.41110e-02,1.68
150,200,6.40315e-01,5.34800e-01,1.03425e-02,1.40748e-02,1.83
300,1,4.10708e-01,4.53200e-01,1.89734e-02,1.70480e-02,1.88
300,2,5.39131e-01,4.80600e-01,1.37676e-02,1.57298e-02,1.68
300,3,5.69331e-01,4.98200e-01,1.26871e-02,1.51206e-02,1.67
300,4,5.86338e-01,5.04600e-01,1.20965e-02,1.48570e-02,1.67
300,5,5.99031e-01,5.15400e-01,1.16951e-02,1.45623e-02,1.71
300,6,6.06362e-01,5.22000e-01,1.14130e-02,1.43367e-02,1.67
300,7,6.13900e-01,5.16800e-01,1.11780e-02,1.42634e-02,1.68
300,8,6.19477e-01,5.23400e-01,1.09991e-02,1.41884e-02,1.68
300,9,6.25062e-01,5.24600e-01,1.08439e-02,1.42416e-02,1.69
300,10,6.27792e-01,5.27000e-01,1.07085e-02,1.39888e-02,1.68
300,11,6.31338e-01,5.27600e-01,1.05905e-02,1.40131e-02,1.68
300,12,6.34108e-01,5.34000e-01,1.04911e-02,1.39008e-02,1.68
300,13,6.37662e-01,5.30000e-01,1.03925e-02,1.39826e-02,1.68
300,14,6.40715e-01,5.33200e-01,1.03037e-02,1.39460e-02,1.75
300,15,6.42446e-01,5.34000e-01,1.02342e-02,1.39088e-02,1.67
300,16,6.44285e-01,5.33600e-01,1.01723e-02,1.38361e-02,1.68
300,17,6.46677e-01,5.37200e-01,1.01072e-02,1.38940e-02,1.69
300,18,6.48023e-01,5.32600e-01,1.00518e-02,1.39063e-02,1.69
300,19,6.49777e-01,5.41600e-01,9.99598e-03,1.38586e-02,1.68
300,20,6.51515e-01,5.35800e-01,9.95025e-03,1.38244e-02,1.68
300,21,6.53185e-01,5.36000e-01,9.89840e-03,1.37414e-02,1.68
300,22,6.54592e-01,5.36600e-01,9.85237e-03,1.37707e-02,1.68
300,23,6.54492e-01,5.42000e-01,9.81540e-03,1.37654e-02,1.68
300,24,6.57008e-01,5.36400e-01,9.78095e-03,1.38749e-02,1.68
300,25,6.58185e-01,5.34800e-01,9.74118e-03,1.38150e-02,1.71
300,26,6.58169e-01,5.34000e-01,9.70562e-03,1.37711e-02,1.67
300,27,6.60015e-01,5.40800e-01,9.68074e-03,1.38464e-02,1.67
300,28,6.61346e-01,5.35000e-01,9.64825e-03,1.38609e-02,1.67
300,29,6.62385e-01,5.40400e-01,9.61375e-03,1.38163e-02,1.67
300,30,6.62377e-01,5.38200e-01,9.58806e-03,1.38033e-02,1.67
300,31,6.62985e-01,5.39600e-01,9.56726e-03,1.38121e-02,1.67
300,32,6.64562e-01,5.35400e-01,9.53700e-03,1.37802e-02,1.67
300,33,6.65223e-01,5.38200e-01,9.51845e-03,1.37369e-02,1.67
300,34,6.65815e-01,5.35600e-01,9.49626e-03,1.37944e-02,1.67
300,35,6.66777e-01,5.43600e-01,9.46784e-03,1.37251e-02,1.67
300,36,6.67223e-01,5.40000e-01,9.45302e-03,1.37360e-02,1.67
300,37,6.67362e-01,5.43000e-01,9.43694e-03,1.37968e-02,1.67
300,38,6.67708e-01,5.43800e-01,9.41493e-03,1.37851e-02,1.67
300,39,6.68115e-01,5.40000e-01,9.39624e-03,1.37840e-02,1.66
300,40,6.70000e-01,5.44200e-01,9.37641e-03,1.37475e-02,1.66
300,41,6.70615e-01,5.38600e-01,9.35541e-03,1.38490e-02,1.66
300,42,6.69754e-01,5.39400e-01,9.34758e-03,1.38027e-02,1.66
300,43,6.71015e-01,5.40200e-01,9.33586e-03,1.37699e-02,1.66
300,44,6.71292e-01,5.42400e-01,9.31561e-03,1.37568e-02,1.66
300,45,6.71469e-01,5.42400e-01,9.29523e-03,1.37467e-02,1.66
300,46,6.71977e-01,5.44000e-01,9.28761e-03,1.37009e-02,1.66
300,47,6.72985e-01,5.42800e-01,9.27091e-03,1.37343e-02,1.66
300,48,6.72846e-01,5.39800e-01,9.25507e-03,1.37379e-02,1.66
300,49,6.73423e-01,5.41800e-01,9.24663e-03,1.37910e-02,1.66
300,50,6.73162e-01,5.43400e-01,9.23315e-03,1.37971e-02,1.66
300,51,6.73746e-01,5.41000e-01,9.22873e-03,1.37836e-02,1.66
300,52,6.74908e-01,5.40600e-01,9.20620e-03,1.38215e-02,1.66
300,53,6.75008e-01,5.44800e-01,9.20042e-03,1.36962e-02,1.68
300,54,6.74477e-01,5.45000e-01,9.18996e-03,1.37212e-02,1.68
300,55,6.75723e-01,5.41800e-01,9.17669e-03,1.37437e-02,1.66
300,56,6.75085e-01,5.40800e-01,9.16576e-03,1.37829e-02,1.67
300,57,6.76177e-01,5.45800e-01,9.16354e-03,1.37827e-02,1.66
300,58,6.76331e-01,5.41000e-01,9.15328e-03,1.37798e-02,1.67
300,59,6.76338e-01,5.45800e-01,9.13770e-03,1.37573e-02,1.67
300,60,6.75777e-01,5.41200e-01,9.13155e-03,1.37689e-02,1.67
300,61,6.77700e-01,5.39400e-01,9.12513e-03,1.38292e-02,1.67
300,62,6.78008e-01,5.43000e-01,9.11776e-03,1.37391e-02,1.67
300,63,6.77562e-01,5.41800e-01,9.10661e-03,1.38024e-02,1.67
300,64,6.77777e-01,5.37600e-01,9.10005e-03,1.37126e-02,1.66
300,65,6.78192e-01,5.41400e-01,9.09009e-03,1.37697e-02,1.66
300,66,6.78477e-01,5.46200e-01,9.08358e-03,1.36431e-02,1.67
300,67,6.78246e-01,5.47600e-01,9.07678e-03,1.37464e-02,1.66
300,68,6.78508e-01,5.46800e-01,9.07420e-03,1.38104e-02,1.67
300,69,6.78854e-01,5.40800e-01,9.05626e-03,1.37083e-02,1.66
300,70,6.79400e-01,5.47000e-01,9.05210e-03,1.37576e-02,1.67
300,71,6.79462e-01,5.49400e-01,9.04512e-03,1.37593e-02,1.67
300,72,6.79785e-01,5.43200e-01,9.04154e-03,1.37443e-02,1.67
300,73,6.79738e-01,5.47200e-01,9.03352e-03,1.37245e-02,1.67
300,74,6.79508e-01,5.43800e-01,9.03411e-03,1.37215e-02,1.67
300,75,6.80723e-01,5.40000e-01,9.01729e-03,1.38315e-02,1.67
300,76,6.81085e-01,5.43800e-01,9.01197e-03,1.39044e-02,1.67
300,77,6.80415e-01,5.42600e-01,9.01121e-03,1.38344e-02,1.67
300,78,6.80377e-01,5.43800e-01,9.00518e-03,1.37837e-02,1.67
300,79,6.80623e-01,5.41000e-01,9.00039e-03,1.37942e-02,1.67
300,80,6.81192e-01,5.40000e-01,9.00231e-03,1.37243e-02,1.67
300,81,6.81800e-01,5.44400e-01,8.98910e-03,1.38226e-02,1.68
300,82,6.81754e-01,5.46800e-01,8.98025e-03,1.37865e-02,1.67
300,83,6.82146e-01,5.42600e-01,8.97254e-03,1.38555e-02,1.69
300,84,6.82131e-01,5.45400e-01,8.97556e-03,1.37534e-02,1.67
300,85,6.81408e-01,5.39000e-01,8.96951e-03,1.38769e-02,1.66
300,86,6.81792e-01,5.39600e-01,8.96604e-03,1.37607e-02,1.67
300,87,6.81323e-01,5.42200e-01,8.96643e-03,1.37289e-02,1.67
300,88,6.81823e-01,5.37200e-01,8.95929e-03,1.38630e-02,1.69
300,89,6.82462e-01,5.42400e-01,8.95284e-03,1.38040e-02,1.67
300,90,6.81923e-01,5.45000e-01,8.95120e-03,1.37781e-02,1.66
300,91,6.81823e-01,5.41600e-01,8.95107e-03,1.37813e-02,1.66
300,92,6.83223e-01,5.45200e-01,8.94218e-03,1.37765e-02,1.67
300,93,6.83138e-01,5.43600e-01,8.93604e-03,1.37226e-02,1.66
300,94,6.82769e-01,5.42800e-01,8.93219e-03,1.37677e-02,1.67
300,95,6.83646e-01,5.45400e-01,8.92652e-03,1.38139e-02,1.67
300,96,6.84469e-01,5.43400e-01,8.92369e-03,1.37232e-02,1.67
300,97,6.83269e-01,5.48400e-01,8.92646e-03,1.37297e-02,1.67
300,98,6.83200e-01,5.48400e-01,8.92263e-03,1.37855e-02,1.67
300,99,6.84015e-01,5.42200e-01,8.91466e-03,1.38398e-02,1.66
300,100,6.82938e-01,5.46800e-01,8.91444e-03,1.38082e-02,1.67
300,101,6.84738e-01,5.43600e-01,8.90885e-03,1.38524e-02,1.66
300,102,6.83892e-01,5.46800e-01,8.90388e-03,1.37355e-02,1.67
300,103,6.84162e-01,5.43800e-01,8.90634e-03,1.37292e-02,1.66
300,104,6.83531e-01,5.45600e-01,8.90362e-03,1.37799e-02,1.67
300,105,6.84277e-01,5.45600e-01,8.90326e-03,1.38240e-02,1.66
300,106,6.85000e-01,5.42000e-01,8.89272e-03,1.38315e-02,1.67
300,107,6.83777e-01,5.44800e-01,8.88983e-03,1.37878e-02,1.66
300,108,6.84069e-01,5.44000e-01,8.88571e-03,1.37475e-02,1.67
300,109,6.84115e-01,5.44400e-01,8.89256e-03,1.37673e-02,1.67
300,110,6.83400e-01,5.45200e-01,8.88572e-03,1.38438e-02,1.67
300,111,6.84485e-01,5.46600e-01,8.88386e-03,1.38126e-02,1.67
300,112,6.85277e-01,5.43200e-01,8.87930e-03,1.37869e-02,1.67
300,113,6.84923e-01,5.41400e-01,8.87338e-03,1.37492e-02,1.67
300,114,6.84200e-01,5.43600e-01,8.87612e-03,1.37677e-02,1.67
300,115,6.85223e-01,5.50600e-01,8.86989e-03,1.37720e-02,1.67
300,116,6.84338e-01,5.48800e-01,8.86976e-03,1.37647e-02,1.67
300,117,6.84492e-01,5.49600e-01,8.87155e-03,1.38044e-02,1.67
300,118,6.85423e-01,5.44800e-01,8.86483e-03,1.38277e-02,1.67
300,119,6.85115e-01,5.41000e-01,8.85925e-03,1.38141e-02,1.67
300,120,6.85708e-01,5.42400e-01,8.85603e-03,1.37637e-02,1.67
300,121,6.86077e-01,5.47800e-01,8.85564e-03,1.37873e-02,1.67
300,122,6.85669e-01,5.45200e-01,8.85708e-03,1.38205e-02,1.67
300,123,6.84877e-01,5.50000e-01,8.85200e-03,1.37632e-02,1.67
300,124,6.85592e-01,5.50200e-01,8.85120e-03,1.37196e-02,1.67
300,125,6.85823e-01,5.44600e-01,8.84987e-03,1.37952e-02,1.67
300,126,6.84746e-01,5.46200e-01,8.85438e-03,1.37550e-02,1.67
300,127,6.85585e-01,5.48400e-01,8.84549e-03,1.37680e-02,1.67
300,128,6.85731e-01,5.45400e-01,8.84723e-03,1.37757e-02,1.67
300,129,6.86169e-01,5.42400e-01,8.83776e-03,1.37730e-02,1.67
300,130,6.86069e-01,5.45800e-01,8.83962e-03,1.37501e-02,1.67
300,131,6.86492e-01,5.48400e-01,8.83945e-03,1.37578e-02,1.71
300,132,6.85431e-01,5.43800e-01,8.83672e-03,1.38008e-02,1.67
300,133,6.85785e-01,5.46600e-01,8.83714e-03,1.37543e-02,1.67
300,134,6.86046e-01,5.41400e-01,8.83709e-03,1.37651e-02,1.67
300,135,6.86046e-01,5.43400e-01,8.83894e-03,1.37509e-02,1.67
300,136,6.86815e-01,5.48000e-01,8.83071e-03,1.37870e-02,1.67
300,137,6.86277e-01,5.43400e-01,8.82757e-03,1.38345e-02,1.67
300,138,6.86185e-01,5.45600e-01,8.83431e-03,1.37068e-02,1.68
300,139,6.87477e-01,5.43200e-01,8.82264e-03,1.38261e-02,1.67
300,140,6.86169e-01,5.44600e-01,8.82242e-03,1.37399e-02,1.67
300,141,6.86177e-01,5.45200e-01,8.82051e-03,1.38038e-02,1.67
300,142,6.86446e-01,5.42600e-01,8.82256e-03,1.37976e-02,1.67
300,143,6.86677e-01,5.43200e-01,8.81995e-03,1.37847e-02,1.66
300,144,6.86592e-01,5.43800e-01,8.82132e-03,1.37609e-02,1.67
300,145,6.86485e-01,5.42800e-01,8.81898e-03,1.37922e-02,1.67
300,146,6.87223e-01,5.44600e-01,8.81002e-03,1.37873e-02,1.67
300,147,6.87146e-01,5.47000e-01,8.81251e-03,1.37536e-02,1.68
300,148,6.88023e-01,5.44400e-01,8.81412e-03,1.38151e-02,1.67
300,149,6.86908e-01,5.43600e-01,8.81749e-03,1.37147e-02,1.67
300,150,6.87392e-01,5.50200e-01,8.81157e-03,1.37671e-02,1.68
300,151,6.86654e-01,5.46000e-01,8.81581e-03,1.38177e-02,1.68
300,152,6.88300e-01,5.48600e-01,8.80073e-03,1.38149e-02,1.68
300,153,6.86038e-01,5.48000e-01,8.81063e-03,1.37688e-02,1.68
300,154,6.87838e-01,5.45400e-01,8.80316e-03,1.37594e-02,1.67
300,155,6.87100e-01,5.45800e-01,8.80080e-03,1.37556e-02,1.67
300,156,6.85669e-01,5.53000e-01,8.80837e-03,1.37495e-02,1.67
300,157,6.87423e-01,5.42200e-01,8.80003e-03,1.37786e-02,1.67
300,158,6.86823e-01,5.49400e-01,8.79824e-03,1.37850e-02,1.67
300,159,6.86815e-01,5.46200e-01,8.80359e-03,1.37476e-02,1.67
300,160,6.86862e-01,5.47000e-01,8.80485e-03,1.37785e-02,1.67
300,161,6.87685e-01,5.44400e-01,8.79845e-03,1.37704e-02,1.70
300,162,6.87146e-01,5.43200e-01,8.79604e-03,1.37627e-02,1.70
300,163,6.87177e-01,5.48400e-01,8.79441e-03,1.37672e-02,1.68
300,164,6.87992e-01,5.43800e-01,8.79655e-03,1.38041e-02,1.67
300,165,6.87600e-01,5.45600e-01,8.79983e-03,1.37745e-02,1.67
300,166,6.87562e-01,5.45000e-01,8.79186e-03,1.37153e-02,1.69
300,167,6.87408e-01,5.48600e-01,8.79225e-03,1.37967e-02,1.68
300,168,6.87738e-01,5.40800e-01,8.79171e-03,1.38363e-02,1.67
300,169,6.88154e-01,5.45200e-01,8.79234e-03,1.37651e-02,1.68
300,170,6.88462e-01,5.47200e-01,8.79292e-03,1.37271e-02,1.67
300,171,6.87785e-01,5.42400e-01,8.78992e-03,1.38336e-02,1.67
300,172,6.87262e-01,5.44000e-01,8.78824e-03,1.38068e-02,1.67
300,173,6.87538e-01,5.46400e-01,8.78137e-03,1.38384e-02,1.67
300,174,6.87677e-01,5.44000e-01,8.78858e-03,1.37736e-02,1.67
300,175,6.87808e-01,5.46400e-01,8.78706e-03,1.37614e-02,1.67
300,176,6.88623e-01,5.42400e-01,8.78019e-03,1.37609e-02,1.78
300,177,6.87608e-01,5.48400e-01,8.78383e-03,1.37639e-02,1.68
300,178,6.87192e-01,5.46800e-01,8.78822e-03,1.38671e-02,1.67
300,179,6.88446e-01,5.48200e-01,8.77999e-03,1.37393e-02,1.66
300,180,6.87531e-01,5.50200e-01,8.77837e-03,1.37753e-02,1.67
300,181,6.89777e-01,5.45800e-01,8.77910e-03,1.38278e-02,1.71
300,182,6.87677e-01,5.43600e-01,8.78163e-03,1.37734e-02,1.67
300,183,6.87223e-01,5.43600e-01,8.78340e-03,1.38113e-02,1.66
300,184,6.87831e-01,5.44400e-01,8.77703e-03,1.37708e-02,1.67
300,185,6.88985e-01,5.39200e-01,8.77677e-03,1.38724e-02,1.67
300,186,6.88277e-01,5.46400e-01,8.77574e-03,1.38338e-02,1.67
300,187,6.87600e-01,5.46400e-01,8.77648e-03,1.38498e-02,1.67
300,188,6.88931e-01,5.46800e-01,8.77163e-03,1.37860e-02,1.67
300,189,6.87923e-01,5.45400e-01,8.77054e-03,1.37692e-02,1.67
300,190,6.88177e-01,5.43800e-01,8.77479e-03,1.37947e-02,1.67
300,191,6.88654e-01,5.44000e-01,8.77238e-03,1.37830e-02,1.66
300,192,6.87785e-01,5.44600e-01,8.77338e-03,1.37155e-02,1.67
300,193,6.88408e-01,5.44600e-01,8.77085e-03,1.39312e-02,1.67
300,194,6.87923e-01,5.48200e-01,8.77755e-03,1.38701e-02,1.67
300,195,6.87592e-01,5.45000e-01,8.77642e-03,1.37972e-02,1.67
300,196,6.88077e-01,5.48200e-01,8.77345e-03,1.37662e-02,1.67
300,197,6.87562e-01,5.46800e-01,8.77080e-03,1.37442e-02,1.67
300,198,6.87962e-01,5.45600e-01,8.77498e-03,1.38512e-02,1.67
300,199,6.88877e-01,5.45600e-01,8.76415e-03,1.37931e-02,1.67
300,200,6.87769e-01,5.47200e-01,8.77507e-03,1.37527e-02,1.67
